399
215
404
531
1051
6.08427
315
233
402
571
466
4.42699
445
243
695
521
883
5.98591
327
201
943
568
342
5.66753
363
229
441
535
376
4.87126
341
209
608
417
372
4.55223
367
207
612
399
559
4.9671
339
221
583
573
346
4.79847
341
205
400
447
315
4.11684
339
209
575
379
388
4.55305
321
217
418
499
610
4.82419
343
227
706
413
390
5.5977
311
197
434
383
482
4.41699
369
215
891
558
334
5.292
349
239
571
449
270
4.59045
341
203
558
575
842
6.21058
375
227
828
493
278
5.64098
409
211
641
507
950
6.1712
333
203
678
415
266
4.5104
341
225
694
481
854
6.3765
409
207
1026
499
636
6.58965
337
223
395
461
398
4.50505
387
221
623
419
288
4.38254
335
231
468
398
944
5.39578
345
191
760
387
546
5.54758
359
213
726
403
352
4.97699
341
227
452
489
368
4.67955
367
207
740
379
378
4.62411
329
201
384
502
336
4.11598
335
205
394
389
352
3.92246
339
237
482
509
434
5.21245
327
213
456
581
634
4.77854
321
209
412
499
320
4.44347
353
217
378
415
652
4.98835
323
217
446
549
903
5.09931
311
247
462
509
969
5.51369
413
213
761
615
272
5.17237
405
239
616
513
328
4.96988
317
211
440
385
426
4.34515
329
253
646
517
730
6.10249
339
207
702
429
334
4.90999
347
219
496
385
732
5.08514
335
223
388
447
452
4.30348
423
223
558
493
700
5.78522
343
209
560
409
795
5.3939
363
217
751
480
386
4.92877
359
223
398
435
386
4.48295
427
211
410
423
270
4.39792
329
203
735
547
386
5.06685
295
215
546
383
392
4.05821
335
221
394
536
470
4.62762
313
211
788
499
353
5.28144
399
219
672
652
804
6.64913
385
221
410
385
336
5.03816
337
223
392
409
607
4.80357
347
215
384
381
408
4.3459
427
205
794
575
424
5.93852
417
203
406
393
820
5.44529
428
195
966
407
593
6.2987
335
219
578
413
731
4.82548
343
203
586
397
755
5.21468
355
213
400
403
404
4.81319
347
219
694
549
350
4.85733
341
229
466
659
422
5.16514
325
201
732
437
387
5.15038
407
215
766
387
372
5.37254
317
203
660
417
681
4.7812
329
241
434
413
694
5.05251
427
627
378
517
292
6.15363
395
229
436
519
282
4.58921
329
207
398
391
471
4.1155
381
217
532
719
310
4.74937
353
247
396
479
320
4.55093
329
205
448
391
524
4.90457
309
215
691
529
460
4.98175
289
225
392
467
442
4.70398
349
201
874
393
552
5.32561
315
217
566
425
409
4.69072
375
207
432
407
886
5.35643
369
211
382
417
392
4.55353
355
221
732
397
714
6.22583
321
211
410
421
402
4.76517
331
603
921
403
519
6.57409
351
201
392
453
434
4.97853
341
239
565
535
340
4.64314
339
199
852
391
592
5.95058
460
243
700
521
266
5.41042
333
211
538
584
314
4.351
415
241
626
641
314
5.4621
441
201
781
381
374
4.60935
339
219
989
575
408
5.85243
507
215
793
419
324
5.34527
311
211
448
421
430
4.02644
409
215
871
385
559
6.049
333
253
730
429
306
5.20132
451
221
626
569
272
5.51798
475
217
975
605
320
5.53321
357
249
456
545
638
5.37552
301
207
404
459
496
4.70301
313
229
388
395
448
4.47701
