869
342
483
473
703
21.4034
1149
312
285
625
533
21.0447
627
334
363
1055
781
19.7761
549
302
482
720
509
17.533
1005
334
301
369
575
14.4576
949
344
275
865
659
21.175
653
360
239
775
531
17.0643
713
312
715
377
561
17.8732
885
330
987
713
527
21.6115
593
326
223
770
511
16.9595
740
312
283
755
533
17.252
1507
332
655
567
387
20.7747
601
322
1233
1028
480
25.0772
973
336
271
329
565
16.2249
683
308
573
347
551
17.3064
1232
312
613
411
521
20.0398
609
314
855
347
553
19.3576
840
314
551
753
543
19.0913
1261
322
560
837
527
20.5087
1339
324
583
785
523
23.4845
887
334
273
355
641
17.7405
1148
318
629
745
513
20.933
607
324
551
489
573
18.1377
677
324
473
841
641
19.4568
711
326
265
875
411
13.5368
681
306
620
393
593
18.1376
659
332
575
339
568
17.9646
571
328
537
811
511
20.4416
881
350
243
633
393
16.6621
999
1154
277
549
519
22.9399
597
338
631
865
505
19.7302
655
338
265
809
525
18.1433
2183
422
263
425
659
23.0015
653
332
586
511
547
18.9297
907
340
441
783
570
20.1662
617
332
331
855
557
16.5118
897
336
287
645
701
17.3229
932
364
287
485
567
17.6423
647
348
1117
879
537
23.377
1127
310
589
871
485
21.4444
967
326
249
389
587
16.2247
1085
334
549
429
612
18.5632
589
356
287
553
539
16.435
623
334
583
833
483
19.9492
1589
390
753
1053
535
28.1515
755
332
267
873
479
18.9152
679
316
341
347
553
16.7479
587
1382
271
817
470
23.369
1095
314
717
741
527
21.541
605
324
833
1169
531
23.1449
768
330
714
713
531
21.1885
707
364
247
563
657
15.5321
1227
324
791
907
537
25.1412
737
326
263
397
417
13.2991
587
342
241
823
483
16.8672
1223
358
565
885
553
21.8532
599
312
275
791
515
15.3694
569
314
769
969
483
20.9341
1342
342
513
665
427
19.0956
1268
338
525
769
565
22.6416
669
310
827
385
513
17.7322
639
326
914
367
585
18.9606
569
334
635
581
515
18.9146
997
334
601
407
623
19.3382
981
304
363
485
549
17.5192
terminate called after throwing an instance of 'std::out_of_range'
  what():  vector::_M_range_check: __n (which is 2) >= this->size() (which is 2)
709
334
458
873
615
21.4753
671
334
289
893
615
20.6423
1207
344
639
745
407
21.119
801
328
249
375
601
15.8084
891
314
639
739
486
19.9935
615
302
735
337
539
18.7441
659
304
345
830
569
18.3536
875
334
778
375
611
19.5085
1305
330
505
749
463
21.1563
675
332
317
383
560
17.2455
1075
352
461
733
615
20.6024
589
308
507
765
761
20.5646
703
336
253
323
535
15.7099
815
364
563
1009
1303
23.8733
1415
350
631
791
415
22.5036
1011
334
886
625
415
20.9499
658
336
473
699
481
18.2358
1161
344
475
719
511
20.9239
896
318
483
889
607
18.5906
764
350
1129
979
431
23.7063
1001
342
1344
505
693
24.5555
1100
316
503
837
485
19.0988
1027
308
815
367
627
19.7297
terminate called after throwing an instance of 'std::out_of_range'
  what():  vector::_M_range_check: __n (which is 2) >= this->size() (which is 2)
1941
474
253
665
910
25.677
991
334
239
737
543
19.0205
585
334
257
814
537
18.0887
883
306
438
711
505
19.9949
653
312
311
738
494
15.8201
929
320
847
377
553
19.0634
1069
298
327
703
521
17.1209
811
338
497
1047
545
21.9118
583
338
295
553
547
17.0323
571
310
655
819
578
21.1246
