607
243
742
425
310
14.0249
359
233
720
807
426
16.3465
579
261
420
479
404
13.9302
305
243
575
595
406
14.3079
347
207
687
419
402
12.9604
349
253
546
541
300
13.4517
359
215
494
619
458
13.6836
401
229
582
771
300
14.3464
355
281
620
533
420
13.948
381
271
732
407
716
15.1005
321
217
526
443
406
13.1422
481
227
420
644
356
13.9388
347
249
456
457
292
12.2043
317
325
454
526
328
12.7558
355
259
600
711
278
15.495
557
235
406
483
404
12.1197
613
257
468
436
306
13.5666
541
237
747
561
332
15.2752
397
239
458
553
288
12.5815
349
229
418
581
276
11.7826
377
277
590
559
500
14.0502
397
237
472
475
667
14.5963
359
263
550
397
640
14.4816
369
207
702
419
386
13.0569
353
283
682
675
326
13.684
487
231
650
745
326
13.8883
355
217
420
417
374
11.2059
373
647
416
479
376
14.6842
361
219
472
441
500
12.9259
341
253
480
847
538
15.4449
357
289
424
427
440
12.5371
571
261
621
408
784
16.923
319
245
496
553
280
12.7067
374
205
384
457
284
10.7077
423
231
636
419
398
16.0117
443
273
428
629
368
13.9643
395
227
422
515
426
13.7521
321
221
766
425
538
14.0679
365
227
542
411
278
11.9298
383
255
762
481
524
14.6851
517
219
524
565
442
14.5845
449
223
478
537
260
12.5406
331
227
572
625
426
14.7251
349
243
674
513
346
14.0812
415
231
686
395
512
14.273
335
213
528
485
286
11.1658
411
241
448
429
398
12.3722
429
249
478
447
292
12.6337
479
267
638
485
268
13.3527
391
241
506
413
440
13.6683
351
249
468
437
702
14.5629
513
217
444
599
356
13.1701
477
249
814
597
334
15.6292
335
219
660
519
488
13.5122
423
231
550
413
550
13.935
415
265
424
663
408
14.0517
353
207
753
583
394
14.5204
391
211
642
501
382
13.3361
313
219
446
403
260
11.2149
375
221
711
439
500
13.9268
339
237
678
407
288
13.351
383
233
710
618
382
14.1983
425
211
410
552
356
12.8397
469
241
722
519
300
14.2068
369
253
498
717
360
14.2641
345
229
504
553
394
13.0445
361
227
566
810
420
14.4375
481
235
450
609
408
14.0085
389
259
441
559
396
12.5613
309
229
382
415
400
11.8038
355
223
617
643
318
13.0908
385
237
648
511
300
11.8619
359
245
466
405
308
11.2792
341
261
660
695
386
17.3893
329
227
726
493
474
15.317
347
243
788
573
406
17.1691
451
259
478
657
290
15.6402
411
253
418
453
676
14.1757
427
251
472
539
468
12.8378
337
231
734
469
408
13.8817
403
213
530
409
414
12.9538
361
261
468
417
308
13.0534
373
223
705
417
336
13.7841
463
233
761
463
318
14.3843
361
233
702
445
392
13.5778
667
225
700
467
446
16.2521
393
237
634
419
346
12.4017
497
225
498
459
406
13.6004
449
217
672
453
300
12.6661
369
249
416
629
414
14.0227
351
231
738
471
278
12.5706
489
255
432
451
426
12.6934
361
199
400
485
296
11.6646
319
231
632
485
462
13.5615
587
225
747
599
390
16.9829
309
227
484
457
480
12.6819
451
251
694
459
282
13.8679
337
249
527
497
271
12.6396
