329
1089
710
393
360
53.0489
337
213
400
527
396
31.8095
427
217
575
447
266
30.4087
353
235
412
567
298
27.8084
327
229
529
471
390
30.2127
371
225
680
393
396
31.1393
321
245
588
539
382
34.5909
339
229
665
541
418
35.7631
433
207
434
431
390
29.9804
323
195
733
419
430
34.6512
323
221
584
431
306
30.7006
397
217
605
473
262
31.2039
361
237
390
565
368
31.4295
317
201
382
539
383
32.2226
303
249
656
411
396
28.3823
435
215
580
405
385
32.2583
413
211
664
433
272
31.4834
307
209
779
553
392
36.2666
425
215
679
433
380
32.9349
405
227
688
497
296
33.1574
327
277
730
421
450
34.2317
409
201
516
431
392
38.7821
343
233
410
545
360
31.3838
429
221
404
737
363
34.9211
369
241
430
707
386
32.4252
333
231
440
505
382
31.6857
319
205
637
403
400
32.4188
329
215
693
465
334
33.0812
303
215
596
605
380
32.4751
553
229
404
409
412
32.9898
439
229
488
499
426
35.4787
337
221
695
425
382
33.6261
315
227
470
527
388
33.2712
479
229
649
407
288
31.5366
431
227
754
409
364
33.8715
375
227
691
551
322
36.2821
519
233
399
546
428
40.8412
415
285
651
401
354
38.1337
445
213
436
429
306
28.0006
423
241
390
557
402
32.963
297
195
550
477
394
29.9927
309
211
434
447
484
30.6375
319
231
362
453
406
30.37
347
219
584
405
292
30.4051
343
243
536
635
294
33.9162
299
227
651
534
402
34.6966
327
555
404
537
346
34.9361
325
233
488
675
324
37.0373
331
209
699
521
276
34.2903
317
227
486
397
402
30.7627
397
225
705
685
344
36.3947
432
249
396
557
374
30.4969
333
337
530
717
404
38.8365
459
217
608
465
370
31.8399
323
225
692
467
400
33.4856
401
217
410
425
390
29.4145
387
247
498
409
282
28.4999
361
251
612
549
378
36.7816
313
219
661
417
386
33.3028
351
213
524
413
296
26.5759
295
227
473
423
384
28.5189
311
223
554
489
361
34.245
541
233
422
419
443
32.2379
313
205
658
535
378
35.1101
383
239
723
431
372
34.384
323
255
658
439
384
32.6643
353
217
408
413
650
34.3259
309
243
643
395
384
30.2886
341
217
534
569
370
34.4125
375
215
420
519
365
29.6965
363
235
456
529
416
33.7727
339
221
428
517
394
32.7562
297
209
430
456
374
28.3398
335
229
640
385
412
32.0036
319
223
512
551
416
26.7306
383
211
418
517
388
31.012
371
255
444
543
302
31.1697
527
299
732
389
280
35.3259
327
223
388
521
396
30.5496
323
215
580
417
300
30.6598
439
215
666
395
386
35.6839
369
213
390
425
380
26.184
303
219
446
433
438
29.1194
383
231
592
395
394
37.3868
417
211
584
391
389
29.3155
385
233
416
425
410
30.1189
459
233
418
387
302
29.0102
331
233
380
681
414
33.9065
331
209
498
539
364
30.5937
397
233
683
389
390
34.9102
335
249
471
603
302
30.9793
331
333
721
491
404
33.1356
405
201
404
405
382
30.1589
309
221
648
387
298
31.6475
381
211
454
447
374
31.0211
327
217
404
389
432
32.5803
341
237
624
393
434
30.3523
333
213
790
525
370
37.2298
329
231
424
403
282
28.2253
305
229
600
443
280
26.9801
