849
318
1598
425
583
14.5091
3617
318
279
723
531
17.6643
1723
310
557
705
451
13.5107
1121
302
845
1233
685
15.6376
3635
326
1059
1487
557
20.42
4329
322
501
791
507
17.0771
2051
300
529
873
515
14.064
2864
338
333
1013
573
15.357
5388
326
979
493
569
21.3145
2435
326
581
1052
553
17.0842
2201
314
503
1123
527
15.6731
1729
328
807
1231
541
17.3329
1512
320
453
1112
515
11.9438
3067
322
259
793
523
17.5599
1965
298
615
931
509
15.0854
2907
318
581
1315
511
17.7603
591
314
925
1409
483
13.9938
1301
304
1709
639
625
16.6946
3969
342
1150
1010
551
21.2834
3935
320
635
1023
539
20.9335
715
336
1358
739
536
13.866
2325
314
303
825
519
14.5642
1563
332
1234
517
662
14.5724
699
346
1064
1335
611
13.408
1807
316
634
331
541
12.5299
6315
318
1131
627
981
27.7335
1455
340
602
423
803
13.4054
2590
324
451
1049
577
14.0817
973
340
457
1123
555
12.9293
6282
314
709
1579
561
27.734
16313
328
716
1228
591
47.6162
2413
326
746
1358
565
15.3622
terminate called after throwing an instance of 'std::out_of_range'
  what():  vector::_M_range_check: __n (which is 4) >= this->size() (which is 4)
625
322
1439
1163
521
17.2715
5950
332
1354
899
499
26.5258
1175
332
802
1102
541
13.0689
4335
344
1244
1929
577
25.1457
905
334
1412
1100
517
17.8831
1395
330
519
655
531
12.2687
2335
326
449
879
501
14.5902
3586
346
1247
793
591
20.6554
4086
326
547
857
551
19.7678
1809
330
1084
527
465
13.9163
969
324
503
1333
505
14.1765
1563
326
754
1108
569
19.3965
9905
336
305
1093
573
40.6594
1373
324
931
1605
591
17.5919
2063
304
724
1662
543
16.2476
3757
328
752
1770
553
19.5882
609
346
1175
440
929
13.7441
947
318
647
1615
559
15.4071
2705
322
865
1171
499
17.0887
1308
316
833
611
787
14.3803
1699
314
865
1270
523
18.0419
503
330
692
447
533
11.6409
783
320
754
1079
549
16.7444
1250
318
627
1421
595
15.6117
4372
324
1170
333
553
20.0193
2907
304
459
319
563
14.9295
2411
320
243
959
487
15.4152
3867
328
549
1109
557
20.4375
1421
342
1540
713
505
15.8756
645
312
947
1811
543
15.1101
667
322
528
471
535
11.1374
6833
322
645
885
517
25.5731
735
344
301
1347
559
12.9405
6554
308
1227
761
537
27.6178
3644
322
1688
647
484
19.5174
10607
338
591
1325
803
36.2902
1665
354
827
835
609
16.967
7514
326
1015
1649
639
31.8027
651
326
895
1204
575
14.3246
1491
318
271
748
561
12.5285
2604
358
641
1075
509
18.1164
7879
336
707
1299
525
30.4159
2731
328
1034
375
586
15.139
789
316
505
439
647
10.4577
2948
312
712
531
517
16.3711
5968
342
608
967
767
25.4828
terminate called after throwing an instance of 'std::out_of_range'
  what():  vector::_M_range_check: __n (which is 4) >= this->size() (which is 4)
1357
318
523
965
577
12.5434
909
310
1121
1573
526
17.6204
1779
322
261
652
547
11.6647
603
306
1312
417
541
10.6351
3349
320
612
1174
810
19.8657
3074
310
1047
679
533
15.6269
2860
318
1427
819
573
25.1726
917
328
449
1158
613
13.3708
6529
308
696
963
503
22.4267
3661
324
657
1456
659
19.4952
1169
320
491
743
563
12.6223
2281
308
917
405
583
16.0252
3113
314
847
1265
553
16.418
6099
338
870
321
601
21.7197
2610
318
313
975
645
15.49
2446
3298
741
1115
377
22.0845
2591
312
485
948
531
15.7652
1800
314
1421
373
581
13.7721
1364
316
887
1304
579
14.5335
943
318
641
1393
499
14.4012
