565
795
567
332
281
17.1923
519
834
643
456
293
17.5271
481
732
553
244
285
12.4108
655
752
513
286
293
15.327
471
719
501
812
293
17.1665
437
642
387
592
301
15.2333
521
761
551
792
285
19.061
503
745
510
254
289
12.987
433
647
649
650
301
17.7754
581
455
538
282
283
13.2941
627
903
565
749
315
18.7896
531
789
546
739
273
19.2484
503
505
515
484
301
16.4154
537
780
555
282
289
16.357
775
919
601
550
307
19.1873
597
706
665
424
273
15.4984
641
902
517
434
285
17.9435
455
704
527
690
289
18.725
513
583
559
732
283
19.4576
567
754
505
264
269
13.7144
621
520
663
416
281
15.1512
585
861
639
400
277
14.3247
459
515
564
732
293
16.3045
627
821
525
436
291
16.779
523
783
525
562
293
18.6344
555
833
557
772
295
17.5918
539
799
529
484
275
15.4237
433
652
383
902
291
16.3341
673
762
479
238
273
14.7186
455
746
513
246
263
15.6802
497
798
509
1050
287
19.5637
451
526
601
478
303
15.9994
665
759
553
501
289
16.3474
603
838
503
302
289
15.0282
521
844
609
343
293
15.1014
503
862
585
514
313
16.9952
455
563
479
387
273
14.5273
425
831
517
278
309
16.2887
459
783
513
518
281
14.8929
487
693
589
730
301
19.4106
567
685
347
952
291
19.2661
673
566
669
380
297
18.3772
733
953
605
440
319
20.1885
449
510
519
490
309
14.3349
477
645
493
656
291
17.1034
783
569
513
704
271
17.8951
567
569
570
338
293
15.9334
559
734
516
470
281
15.2162
581
804
742
448
351
17.8942
511
741
535
234
295
14.3965
531
776
537
755
275
17.7006
597
802
415
286
291
12.7744
569
867
503
1129
265
17.7614
681
730
501
466
279
16.5156
465
800
523
704
291
18.6934
493
864
647
448
279
17.5853
537
825
503
256
287
15.9894
525
775
511
638
283
17.3399
479
765
473
240
275
14.2251
732
598
591
462
283
15.9472
487
717
589
452
279
15.7015
661
738
523
286
271
15.0933
471
737
465
860
271
18.398
581
816
475
284
271
14.7286
465
726
509
440
277
14.4146
577
654
353
325
291
14.0139
575
1022
765
444
295
16.5781
587
785
581
310
271
16.8143
523
644
491
505
287
15.6126
473
751
531
482
279
15.7383
459
755
575
550
295
16.8072
617
840
609
360
273
18.5183
587
780
519
524
285
16.5713
453
741
521
478
285
16.3463
477
751
538
770
299
16.7184
591
640
575
360
289
15.6392
501
516
552
454
293
14.6017
493
775
565
586
321
19.0534
455
715
539
474
301
15.0547
457
699
663
288
293
13.9092
515
881
551
1129
297
20.9054
483
779
512
942
279
20.0359
667
650
505
332
297
16.6438
719
820
557
556
273
20.3256
455
710
547
295
281
14.8821
549
722
535
982
301
20.3264
491
729
553
424
265
15.5857
455
469
502
590
273
14.6186
397
904
673
550
281
18.2739
785
766
615
468
313
18.2671
451
757
758
586
279
16.5189
639
775
469
418
265
17.5599
477
739
521
478
299
16.2896
655
821
459
340
295
17.261
661
747
329
522
299
18.03
623
689
371
276
872
17.5316
477
819
531
288
275
16.0569
533
811
531
1143
271
19.9136
503
544
523
823
287
17.5574
541
777
367
430
283
13.865
