333
231
634
433
410
18.6041
323
223
846
525
338
24.0894
377
209
594
393
394
19.3111
345
203
542
487
308
18.6006
369
211
446
543
278
17.649
349
225
626
423
312
18.5013
365
221
380
507
434
19.4517
337
213
372
415
664
20.681
335
225
580
551
420
21.6724
329
223
711
445
372
21.3365
325
229
714
379
432
22.6051
329
225
642
421
781
23.8121
325
197
416
585
392
19.7509
359
221
538
391
626
20.6965
433
203
721
471
346
23.2226
311
219
571
423
364
19.1339
367
229
562
498
746
23.9627
321
211
390
519
712
23.8598
571
223
390
391
390
21.5927
313
223
400
445
372
20.1994
321
251
661
455
656
22.9427
303
217
538
441
406
19.3184
389
213
545
503
390
21.158
297
427
466
471
416
18.9817
311
211
674
459
408
20.637
295
211
410
389
388
16.6069
401
237
454
507
384
20.672
387
213
718
405
370
21.393
347
203
633
395
372
18.6999
323
199
546
387
422
20.1108
321
217
724
513
360
22.2379
331
229
554
511
260
20.9728
317
203
682
393
390
20.7129
333
217
434
395
506
18.3177
407
211
580
447
400
22.1267
311
229
414
381
260
17.7233
309
215
589
509
378
20.327
377
221
380
615
390
22.2666
335
251
607
497
416
20.7473
396
219
451
397
376
21.2327
329
207
428
433
444
21.128
323
197
711
550
406
19.7673
331
221
388
703
390
22.9333
417
255
733
381
436
21.279
337
227
658
393
402
20.1133
379
201
432
423
312
17.0575
341
215
718
421
364
20.7646
415
211
358
437
466
20.6838
307
205
376
447
412
18.5736
389
201
358
385
270
17.4356
303
433
714
409
414
23.4292
407
207
606
383
378
19.8927
317
205
386
375
396
18.6752
313
203
400
455
688
19.8528
381
243
674
389
378
21.1021
347
203
404
447
400
20.1279
311
229
588
453
282
18.2533
353
215
692
405
348
21.4665
363
219
404
690
406
23.1563
367
209
470
413
342
18.7733
323
201
524
661
352
21.623
381
197
707
437
405
17.7424
507
209
978
427
406
27.1509
495
207
652
409
365
22.4251
359
229
627
541
398
21.3556
297
249
450
431
422
17.7389
359
233
602
721
376
18.1123
317
203
380
451
436
20.2732
391
211
428
403
382
19.9498
313
207
430
399
390
14.295
383
217
614
487
390
24.1086
301
219
666
433
298
20.8027
505
243
862
391
530
24.7644
413
215
713
443
382
21.7176
313
203
789
597
408
20.8308
427
217
484
437
364
16.7662
313
223
698
551
388
21.7825
327
201
590
399
382
18.7581
315
209
380
461
378
18.5828
409
203
624
447
388
19.5858
359
203
579
524
370
22.5959
327
221
694
579
372
23.2126
381
211
402
393
366
18.9342
361
435
416
437
498
22.936
457
233
451
545
396
18.5571
297
219
783
557
404
21.7083
309
207
542
622
448
20.3363
311
221
724
511
310
20.2724
307
201
663
387
396
21.4302
325
207
376
547
362
19.1798
309
233
564
501
268
20.2605
319
227
626
421
266
19.1028
343
233
658
409
420
23.5049
353
207
404
545
366
20.1358
347
257
400
625
444
24.08
483
215
416
389
296
19.1614
359
213
808
407
570
25.739
399
199
700
415
392
22.7414
471
213
764
503
344
21.3083
319
215
698
433
370
22.1129
