503
807
499
2080
281
9.40499
830
723
443
2315
271
9.6912
1607
773
463
1202
267
9.20844
1063
691
457
633
279
7.72171
855
563
515
971
275
7.15113
1047
761
485
2182
259
10.6402
589
801
499
3067
271
11.5579
1914
697
459
1269
295
9.48785
2183
759
501
1303
259
11.0279
1010
786
481
953
257
6.54633
2526
996
481
506
285
9.92998
832
425
483
3017
261
11.0415
2234
591
503
454
277
7.3825
6513
739
477
3594
291
17.8925
1303
573
515
1580
265
9.21991
1441
709
529
2096
273
11.7926
1260
425
517
654
275
6.46764
1222
450
457
668
259
6.07803
2171
549
479
5536
275
15.6705
1063
782
423
456
261
7.10845
1108
761
487
2320
269
10.147
1785
679
435
1074
263
9.13381
805
649
465
656
257
7.24123
1266
839
455
1855
285
9.55726
1349
449
443
426
257
7.19334
1398
663
393
820
273
7.00384
1333
439
549
558
277
6.65757
1086
897
459
640
283
7.19525
2330
757
395
1603
263
9.63496
581
751
483
3489
271
11.0871
2359
687
459
6457
263
16.8129
1030
725
483
2478
263
10.4696
2309
745
479
8127
301
20.0942
1417
495
455
471
277
6.66465
838
441
523
7802
283
17.7184
1798
781
483
2466
269
11.0522
3103
763
441
3813
275
14.0007
809
735
437
3120
261
10.0891
818
757
495
2017
285
9.2515
888
773
484
518
293
6.792
1658
820
449
516
271
7.24434
1261
863
485
2419
287
10.6351
1322
735
489
1133
281
7.98123
1660
731
429
374
279
7.3792
1729
643
441
4361
269
12.7263
1881
745
473
2037
265
10.7808
1119
589
471
1970
259
9.1683
1322
455
411
838
271
6.29169
1388
809
517
5353
271
13.4934
803
739
505
442
267
6.24805
1058
713
593
1706
275
7.93374
1253
681
433
3554
265
9.86997
1246
701
439
1512
255
9.13372
1800
695
455
1600
273
9.82987
4417
747
425
2627
285
14.1708
1099
807
475
898
275
7.2376
1784
799
429
4822
255
13.8352
1189
821
461
552
275
6.94098
437
443
481
2221
261
8.6232
821
711
445
580
255
6.91019
753
811
495
500
275
7.27691
3235
793
515
3026
271
17.9377
2392
691
423
4304
281
13.7702
933
765
497
1214
269
9.06118
1582
613
477
2179
265
8.96667
939
649
457
2288
273
9.23117
2975
846
505
2612
287
12.3212
1302
771
491
2925
269
11.3925
3033
747
413
4875
273
13.85
1253
779
493
4578
261
14.6021
1271
703
487
1378
261
8.80326
1119
737
449
450
265
6.68199
762
803
465
6199
269
16.1564
1208
777
427
472
265
7.4929
447
798
517
3638
271
12.149
581
779
485
1782
285
8.99249
1848
569
453
1002
279
8.52656
1982
813
505
4355
273
18.1902
2016
771
489
2737
273
17.35
601
789
525
420
273
10.2565
1097
695
533
1494
275
12.3014
1294
773
443
5796
297
19.2703
611
762
493
1398
265
9.93927
1266
744
505
3715
281
14.5382
703
937
491
1355
293
9.59233
4952
839
557
2929
297
16.7398
999
734
485
1568
271
9.24627
1713
739
521
1927
263
10.3943
1354
677
497
476
287
7.81133
2156
705
480
2278
267
14.8682
4076
439
567
465
293
11.7702
1513
709
443
2767
261
10.8786
1391
743
489
851
279
7.1862
2836
715
469
1805
259
10.9483
723
793
433
8471
277
16.9883
3013
746
515
1370
293
9.381
718
729
481
1800
259
8.61491
1973
735
485
5931
273
15.7888
907
514
525
4597
281
13.3353
1451
583
479
1890
273
8.45548
