453
501
475
1027
261
17.8755
545
759
463
1040
257
22.8014
509
584
569
830
279
20.7519
875
757
527
874
273
27.0056
663
756
493
1043
271
23.567
719
805
567
460
279
22.9816
551
784
477
589
257
20.1007
559
809
549
1129
273
26.8441
493
688
509
384
275
19.8055
635
756
497
437
261
20.139
653
788
343
542
259
21.4275
523
739
503
692
285
24.5186
459
837
487
414
303
20.3463
539
733
493
1061
279
23.2462
457
817
483
746
297
22.2054
473
727
457
1106
271
22.5529
597
699
633
450
305
20.0078
761
591
525
266
263
18.1781
465
710
489
472
277
19.533
731
653
487
1087
265
23.0672
441
456
541
780
297
18.2509
505
789
479
488
273
18.6174
499
781
451
1032
263
24.8908
489
758
481
833
259
21.0225
467
697
493
1022
281
20.0805
439
743
535
458
277
19.9308
455
709
327
428
741
19.6837
489
651
447
488
273
18.0226
531
734
475
1102
287
25.3511
599
727
445
428
281
20.0201
509
717
481
524
271
20.8636
471
770
455
694
269
20.8261
489
788
501
809
277
21.7181
625
917
547
754
311
22.4874
435
779
571
1026
269
24.6029
771
750
531
415
281
20.0837
669
755
493
464
303
20.483
457
759
547
414
273
19.8046
547
731
503
1010
265
22.2792
455
927
499
496
285
20.7893
487
739
489
436
277
18.6118
613
791
507
438
261
20.3979
555
767
523
777
261
22.4452
579
829
521
760
299
22.5227
723
807
541
1010
267
25.1889
483
777
563
440
269
20.7314
487
698
479
1073
273
21.2124
691
760
541
711
283
23.6031
935
812
477
712
261
23.7
553
808
501
999
295
22.8417
657
728
495
432
265
20.2633
547
739
489
986
301
24.7161
527
800
517
496
281
20.8684
427
901
635
782
277
23.9721
464
714
631
334
287
18.6735
851
715
475
828
269
23.4597
547
837
545
814
281
25.3458
731
601
537
262
277
19.3545
547
411
631
890
313
21.2722
747
819
563
510
283
23.7049
487
715
485
452
267
20.4703
685
780
355
1105
293
24.6575
493
698
493
1107
293
23.5503
824
737
521
867
259
22.6158
647
753
525
957
277
25.0394
621
721
459
416
273
20.9138
593
730
517
888
257
24.2211
563
760
541
526
273
19.287
535
789
469
690
267
21.789
509
809
479
776
263
22.8044
463
675
461
432
263
19.8472
483
747
505
486
271
19.4771
507
788
501
1059
279
29.8729
455
815
571
338
295
18.8309
377
781
582
941
255
24.0124
461
859
605
560
293
23.2504
613
719
477
1053
281
22.5447
531
734
527
992
271
22.8356
499
753
505
430
303
18.8877
969
739
487
810
263
21.7508
629
751
483
1064
255
24.2562
445
741
475
506
271
19.6808
735
897
323
556
275
20.9591
683
753
531
1014
267
24.9038
527
730
519
468
289
22.074
727
773
547
280
269
21.4706
469
779
630
516
287
21.2534
509
709
479
1050
273
22.8577
475
779
521
1032
255
22.7477
569
732
531
262
271
20.2116
639
881
463
1062
275
23.57
549
451
481
488
287
20.3024
660
739
517
655
265
23.6359
671
751
489
1081
281
23.8612
645
441
541
478
285
19.5058
673
766
499
952
269
22.097
685
421
505
580
281
20.0178
667
763
489
808
279
24.7099
659
901
471
434
269
21.3667
509
763
579
877
281
21.5715
