673
799
505
380
261
12.7648
1029
888
487
480
267
14.6054
2012
753
525
2153
273
20.4983
869
713
469
508
267
12.1297
1215
571
483
472
269
13.8991
335
708
527
495
257
12.3823
1518
707
493
2454
297
20.3415
483
743
487
3082
273
20.1082
1151
759
531
2902
277
19.33
1221
743
491
1281
271
17.4087
1509
759
519
464
265
15.5248
1338
749
499
434
279
14.4386
1115
609
503
730
265
13.5613
875
597
533
1190
261
15.7285
706
760
543
470
263
12.8051
519
866
465
871
269
14.5081
1264
433
491
857
285
14.3496
1077
437
543
715
263
13.3373
718
697
449
1627
263
17.1586
3885
597
463
1118
265
19.992
623
696
485
1260
275
15.706
1128
627
469
3199
253
21.3293
927
723
531
1018
267
16.4814
1259
765
471
1755
265
19.4638
669
677
433
862
275
14.2178
1711
767
499
1161
275
16.4363
1256
637
465
1520
287
17.3665
1033
895
479
1716
261
21.0534
901
688
463
1796
263
17.5793
1115
733
477
1410
267
16.3246
921
749
491
4219
257
23.2794
1759
819
511
470
281
15.4829
2629
739
495
1361
261
19.4954
889
661
497
2931
277
18.0805
1214
721
523
456
263
13.9141
685
479
503
1423
293
14.8596
421
725
505
651
267
12.3149
998
825
541
512
287
15.3266
689
801
521
3113
287
19.7525
1396
425
583
1753
291
19.0999
801
710
503
670
273
14.1175
761
749
583
470
281
13.8881
1278
719
479
1560
263
16.8682
798
697
523
785
265
13.6241
1713
695
439
5520
271
28.2199
1586
723
507
2432
267
22.5604
906
629
483
1092
261
16.3029
1854
817
487
424
263
15.905
1668
749
495
1026
285
17.3391
715
797
507
1214
281
16.6429
1063
745
523
2726
267
21.1956
969
441
521
510
275
10.7569
1673
728
465
1396
265
18.0484
551
755
483
497
275
14.0252
1023
598
515
955
255
15.8699
1402
605
489
478
267
14.2181
1017
757
479
882
281
14.8294
685
823
541
480
267
13.6717
1378
473
525
1978
271
15.0311
1281
716
501
454
261
14.14
1259
749
469
494
287
16.567
1030
673
475
1209
255
17.0329
1493
775
477
2060
277
18.5
523
763
533
452
283
12.616
1308
775
447
2221
259
20.63
811
749
479
1242
273
17.8352
2077
837
499
392
277
15.9273
1301
687
535
1208
277
18.4433
685
699
499
3598
267
22.1516
1101
703
525
680
285
16.0812
1322
915
499
656
267
14.5561
613
832
499
912
285
14.9524
815
713
489
1400
271
17.638
1673
746
505
1170
267
18.7414
2008
779
515
942
265
17.6434
1249
461
477
2546
271
19.1351
1611
729
449
898
261
16.5831
559
787
487
2462
283
17.3113
1152
861
483
2867
275
20.6781
937
774
501
1083
259
14.0569
1193
727
471
2075
269
20.1698
595
603
519
974
261
13.7575
897
721
523
2638
285
20.9569
1127
789
523
1927
279
20.5543
982
766
511
1261
281
15.5331
1601
743
465
1090
279
17.2513
675
767
475
2659
265
20.0108
1184
839
469
786
259
16.4221
733
487
519
1248
267
14.8863
1046
805
505
710
287
15.5406
935
452
527
1844
257
12.8534
1766
633
523
2026
267
20.8243
481
705
497
1301
279
14.4745
757
651
497
1018
291
18.7983
513
755
505
626
275
15.0475
1521
907
509
386
267
15.0364
1215
543
515
1055
269
16.0216
567
799
487
3014
263
20.9785
1115
939
455
464
265
16.6611
1209
843
467
626
255
15.4892
