639
464
607
281
289
63.6414
485
698
383
256
255
61.1941
665
677
559
432
331
71.8216
431
705
578
292
279
63.5753
515
839
401
614
275
74.6778
523
679
401
850
275
72.442
519
697
543
262
281
61.9893
551
727
489
262
259
60.7657
413
659
655
290
315
59.4578
523
587
490
216
283
54.1572
597
697
407
318
297
59.8951
505
675
507
244
273
60.0641
407
425
561
316
277
54.8497
547
732
513
252
289
63.6114
503
680
603
682
269
73.9727
405
846
690
514
269
71.0971
729
716
507
222
285
64.6966
447
848
569
253
371
66.8676
499
474
634
768
281
72.9264
503
515
553
246
295
56.9276
489
553
513
578
275
66.5771
681
804
563
338
293
71.9461
391
452
655
615
295
61.5327
672
446
759
588
281
73.633
629
604
411
292
269
59.7661
459
729
501
288
291
59.5922
541
769
497
312
277
65.6588
403
667
594
438
275
64.0058
503
916
640
350
287
66.0863
543
667
507
218
285
60.097
469
748
522
306
281
65.1954
533
774
675
398
297
73.6216
465
518
481
718
269
70.3004
517
699
491
238
265
59.2616
513
519
509
302
289
59.0823
447
744
589
552
277
66.0446
471
705
511
268
265
58.9264
591
549
513
262
295
58.6326
553
704
592
642
287
73.9305
475
751
501
754
269
71.6703
483
656
505
270
271
59.7806
437
746
550
406
285
64.952
451
698
591
292
301
58.1795
559
768
512
416
277
57.8238
479
724
550
256
273
67.266
457
709
505
252
291
59.6527
581
637
361
275
265
55.2744
525
742
617
506
281
73.9936
535
855
619
480
319
70.5118
489
839
647
376
267
66.274
597
724
561
296
293
71.1095
661
756
371
435
295
66.748
641
659
405
466
265
62.6248
535
845
511
620
281
72.2628
519
731
347
526
275
64.2468
491
753
643
476
291
74.3888
513
677
549
278
293
65.9236
689
792
461
338
331
75.9601
495
636
473
258
279
57.7017
439
781
575
298
283
67.3858
487
663
503
256
273
59.7135
511
768
559
226
283
63.0971
517
620
565
252
295
68.2526
559
753
569
318
281
72.1914
485
554
521
328
285
59.3966
541
645
521
805
293
78.4223
557
820
491
393
281
67.7731
495
711
493
898
285
76.6995
529
728
369
310
269
61.4776
589
794
567
356
277
71.158
453
659
516
336
283
61.4073
593
773
437
580
287
75.3094
471
626
632
284
291
69.7996
503
697
679
544
323
70.4514
657
710
569
368
273
74.535
553
888
483
821
323
93.1571
477
698
343
716
273
72.4911
611
649
341
256
289
62.8098
711
718
542
234
295
66.0721
471
465
589
238
291
63.3425
459
906
597
536
323
79.0719
483
423
353
316
293
59.1835
489
573
501
230
283
55.0106
475
627
671
426
289
72.971
489
665
647
412
309
71.486
701
894
639
377
303
83.192
475
568
477
250
281
55.3228
515
696
535
442
275
73.2409
585
620
687
386
273
78.5819
519
671
583
354
291
66.3321
465
724
551
234
303
67.2142
549
723
575
262
293
65.929
447
691
477
268
269
60.4421
507
587
521
244
289
64.5073
619
702
407
322
271
69.8297
579
539
357
246
293
50.2977
627
641
582
338
289
65.6802
559
601
513
326
293
65.9584
593
651
719
400
297
75.822
497
435
374
296
259
52.9914
