969
453
794
883
310
16.891
699
435
2617
1986
335
26.1757
547
587
3878
762
306
18.4377
875
467
335
585
329
8.89598
421
531
335
900
436
9.56977
547
703
379
581
308
8.84751
801
499
353
631
393
9.17936
459
495
349
571
311
9.27219
483
453
3490
509
328
14.8342
417
467
1652
927
306
13.003
479
441
329
1105
319
9.8447
475
485
7139
395
314
28.8732
621
517
383
999
316
15.5032
680
565
337
919
312
19.1351
849
465
701
435
298
13.9737
583
436
357
394
358
11.4363
663
507
345
1171
308
15.6637
791
489
337
979
342
19.8408
538
815
443
1357
321
23.9319
904
505
323
465
318
14.6705
475
533
361
1144
315
16.1623
757
519
379
1317
332
21.4829
1382
529
331
926
314
26.3855
1060
453
1212
639
320
23.4904
403
489
331
1187
361
15.0141
891
537
351
1007
326
12.0549
855
509
351
981
309
17.7679
457
565
379
1402
309
20.9938
1119
493
3852
851
316
36.7398
453
561
321
590
348
12.1251
415
451
477
959
324
12.6412
405
551
347
1451
488
13.6968
457
489
361
1343
310
12.5356
469
431
343
1007
336
12.4831
485
495
353
945
349
11.7131
459
581
361
989
344
14.3793
939
553
347
859
332
12.7917
terminate called after throwing an instance of 'std::out_of_range'
  what():  vector::_M_range_check: __n (which is 2) >= this->size() (which is 2)
1245
649
339
891
324
14.7957
1099
419
3980
799
328
27.0436
737
720
395
1208
368
14.6587
427
447
403
641
304
11.0879
537
519
3374
761
298
27.676
657
491
375
2375
326
22.7325
559
579
323
1009
317
14.6857
431
563
341
611
318
11.7341
971
459
1739
1059
317
18.4369
437
478
22854
689
311
87.0167
915
489
3186
1417
335
26.4925
1017
781
343
511
335
15.5396
1086
605
7428
501
311
30.953
729
441
335
964
336
11.9269
911
675
331
491
335
12.0449
770
425
978
467
316
14.2156
946
519
339
527
322
12.9567
641
431
900
1112
320
14.7458
842
564
345
1593
323
17.915
760
611
397
531
306
12.6723
701
555
12299
515
323
48.8329
457
467
341
814
330
12.0097
969
663
9249
2224
316
49.7156
597
549
319
929
332
12.8337
531
517
315
601
390
10.3946
543
487
7225
433
322
30.7372
779
461
437
587
330
14.3045
518
561
415
1113
332
11.9447
811
519
403
901
314
13.017
687
459
339
613
310
11.5656
854
425
339
445
320
10.27
681
727
369
1585
325
16.3815
781
703
329
1131
363
16.0981
934
667
4572
528
316
26.3602
737
439
369
2344
311
16.2222
469
681
337
1412
327
13.0515
417
457
5157
889
333
26.4783
478
483
361
933
318
13.3752
terminate called after throwing an instance of 'std::out_of_range'
  what():  vector::_M_range_check: __n (which is 4) >= this->size() (which is 4)
1073
541
16817
469
327
61.1891
769
583
339
895
308
13.7683
483
471
323
866
430
9.86764
761
709
361
956
336
13.9121
417
531
355
947
332
10.8713
1007
521
333
471
352
14.8704
387
481
715
1175
314
13.82
546
855
375
585
322
12.4286
429
635
3017
712
328
20.1876
873
477
323
563
312
9.78072
851
477
345
1321
335
15.0565
831
511
387
1228
310
14.8506
623
503
748
499
322
10.5608
991
519
335
916
354
20.7986
957
527
361
2095
321
20.0741
581
501
23676
983
310
79.6631
449
789
1146
959
318
16.1456
655
473
361
871
314
10.5314
917
459
341
571
327
10.6576
779
451
361
497
372
9.4959
845
451
323
603
316
10.2584
763
471
777
1722
314
14.8157
717
477
359
1638
354
10.751
