315
225
775
457
324
9.49475
397
211
721
441
266
10.4933
431
275
422
459
262
9.43307
367
193
412
435
354
10.0607
305
195
762
407
380
10.9303
337
211
744
581
366
10.7647
311
203
796
511
432
11.0492
345
213
380
399
398
8.87712
321
245
604
587
358
9.95578
391
211
628
399
334
10.6777
341
197
729
399
415
10.7431
351
203
623
409
364
10.7332
409
215
392
381
399
9.80213
311
209
641
621
312
11.5459
315
239
736
463
362
11.29
319
209
780
391
462
10.3258
409
201
612
399
348
10.4742
379
199
735
411
396
10.2327
307
1011
690
477
775
15.6692
319
217
689
457
316
9.55211
333
197
380
379
360
9.43207
319
213
690
397
342
9.37938
325
221
680
385
641
11.5648
321
207
396
415
311
8.9963
335
217
410
645
438
9.97182
373
207
422
391
374
9.77824
337
219
779
477
350
9.82716
343
217
655
445
353
9.69431
379
217
382
531
378
9.43763
359
211
942
401
627
12.6209
407
219
460
481
277
10.8515
313
213
722
403
440
11.651
381
209
402
543
382
10.6527
427
215
718
407
358
11.394
395
221
708
415
250
9.87564
361
205
702
407
382
10.0873
355
213
384
389
535
9.08781
303
207
896
551
462
10.4679
345
211
446
409
438
9.42146
411
217
625
499
328
10.0391
383
199
443
395
394
9.02703
311
205
370
393
341
9.05528
317
227
648
443
356
9.51304
353
235
706
401
346
9.91614
303
211
629
531
434
10.3967
315
215
742
573
396
10.8785
351
223
687
525
408
10.255
299
235
408
431
738
9.99593
327
213
671
395
360
10.0285
305
211
506
549
386
9.41771
438
219
990
399
648
12.7999
311
233
759
481
406
9.85576
325
217
754
429
450
11.4309
323
195
406
557
302
8.73119
405
225
456
399
650
9.96097
347
193
864
527
356
10.6397
479
215
431
549
360
9.95448
395
229
412
421
394
9.91397
361
221
400
569
374
9.86985
303
237
654
593
430
11.1328
423
215
714
596
364
11.9568
339
213
672
541
422
10.7282
363
221
706
419
324
10.011
397
203
418
401
512
8.65697
309
203
558
519
404
10.0847
315
211
373
401
325
8.52121
329
199
704
401
394
8.89064
333
231
802
411
514
10.1085
385
205
414
628
534
9.69008
319
203
592
407
384
9.11859
365
213
800
531
384
10.9059
365
253
712
575
514
10.5116
305
203
404
541
389
8.29337
353
251
710
373
420
9.80971
321
213
693
395
408
9.84114
331
205
608
653
348
10.6616
377
225
484
385
404
10.3212
331
219
472
383
472
9.56575
339
209
438
519
615
10.8133
363
227
594
405
366
10.7342
321
233
729
417
274
10.3474
337
221
553
539
644
11.9358
301
217
368
385
378
9.06544
363
217
608
391
882
12.2636
329
211
418
387
548
10.0787
391
225
466
635
376
11.1669
301
227
368
656
266
9.12963
terminate called after throwing an instance of 'std::out_of_range'
  what():  vector::_M_range_check: __n (which is 3) >= this->size() (which is 3)
313
225
583
507
380
9.09515
347
231
642
409
400
8.61795
377
209
800
451
373
9.51435
405
197
711
387
781
12.9278
349
195
570
541
342
10.2652
353
199
820
487
386
11.0194
343
207
867
403
609
10.8692
317
217
386
463
360
8.78543
303
209
406
409
394
8.14175
345
213
557
529
344
9.81865
317
211
666
387
302
8.4287
313
213
478
407
476
9.95313
