1062
314
967
1187
547
18.517
27384
332
1181
10752
579
138.396
1029
302
637
1878
497
21.7303
16281
328
505
4679
527
73.1916
831
308
457
1947
529
19.6234
48057
318
503
10744
503
173.568
9789
320
1145
10287
671
71.5045
131272
300
703
4047
539
367.57
1646
296
651
4946
469
30.4407
7636
314
571
797
585
32.4641
1297
316
1967
2879
569
32.3755
10355
312
3177
8063
763
83.6661
20993
322
1043
15043
559
128.528
112349
322
4306
18671
595
397.426
9114
334
551
719
903
38.9279
17780
324
911
385
577
57.6112
21220
294
775
1053
603
73.712
26846
330
1019
3877
533
99.0117
10464
330
4416
1555
571
59.4442
14858
314
900
13950
715
108.61
42620
304
669
5207
523
145.824
37119
322
1061
459
880
111.755
18641
314
1246
716
505
62.3076
7940
332
529
9975
617
69.0679
3417
310
1866
335
587
26.5508
19907
294
5217
555
503
77.7278
66309
316
7496
4632
511
230.543
18297
314
868
2821
711
62.5397
59612
300
2033
973
505
175.138
15771
308
627
391
533
47.6371
16614
318
2751
447
577
70.3728
28365
308
1015
12820
483
129.016
20619
314
1442
7327
477
94.7576
36467
320
693
421
587
107.658
31396
302
1411
10476
535
125.658
7797
330
1103
1383
489
34.326
7062
320
472
10778
529
69.0942
2564
298
445
6179
575
37.0017
5846
326
1946
2164
667
38.493
34048
310
1193
10455
539
145.436
5306
338
1497
7143
547
59.7573
23393
320
875
3561
535
94.2827
1363
312
4177
443
485
28.2543
11333
316
449
4991
923
61.6628
35823
320
1188
5277
677
126.079
38094
318
657
7321
557
143.062
13425
290
733
2735
549
56.5562
48864
308
1784
8144
513
168.187
87944
316
1168
1023
513
252.68
103846
330
1427
20953
597
362.213
11744
316
684
7682
513
70.5121
21464
314
625
467
545
70.1154
88821
292
2979
1805
1023
259.37
28386
304
747
429
525
92.2034
48581
312
1279
1967
525
144.912
17572
302
709
4746
551
80.8719
27183
302
2975
4199
482
115.81
15632
308
2347
407
547
60.9771
2252
312
853
7469
677
48.086
82043
310
451
2733
571
229.182
14601
310
939
4552
499
71.5308
5294
340
779
6314
533
43.5706
859
302
1131
465
593
17.5817
783
318
1705
9305
497
49.6837
3884
316
553
6311
453
43.9042
611
322
1415
417
927
16.7033
79057
322
3970
7206
539
257.669
625
360
1817
3691
549
32.3167
69201
314
1366
5644
547
228.779
6196
310
819
4979
473
43.4585
15261
300
1319
3234
687
66.5732
96753
308
703
453
649
282.995
10989
306
1765
1319
505
47.3339
37206
298
493
1667
531
111.267
543
328
2863
3934
717
32.8616
14047
310
731
2415
559
57.4963
20450
300
707
4045
577
80.7261
4701
314
844
1892
515
28.5391
terminate called after throwing an instance of 'std::out_of_range'
  what():  vector::_M_range_check: __n (which is 4) >= this->size() (which is 4)
5655
306
1702
561
797
32.9433
16792
310
465
5489
785
81.0809
53490
308
1540
1639
471
164.377
22416
298
1086
7090
517
101.256
10393
322
2191
451
461
50.3365
3494
304
3040
367
555
31.3009
55921
310
1274
536
515
166.963
17475
304
5800
3617
533
91.3574
63048
294
5341
7848
470
232.653
14328
326
2006
1197
567
54.9284
29485
314
1157
4903
481
109.816
32039
328
2428
6967
533
128.165
36594
336
833
6751
565
133.752
12298
314
3449
6287
535
81.6854
18990
334
3449
444
659
70.4073
26196
310
449
1803
811
86.2854
6957
306
900
4224
549
41.6142
16230
312
897
8689
723
95.668
50506
340
593
4043
791
168.816
6517
308
3113
8545
535
74.6873
18272
326
1561
477
515
65.6904
