673
715
477
1634
255
35.4755
1036
689
491
440
265
31.8099
743
431
583
504
273
25.9864
1025
585
519
886
263
34.1924
969
715
509
1663
265
36.9594
675
779
543
450
257
29.3197
747
722
473
1052
257
28.5529
1153
763
471
508
259
32.5797
892
711
461
1133
269
32.583
915
780
467
1738
271
41.6162
1374
690
323
726
273
32.8232
1159
731
517
714
253
35.8872
445
417
537
1288
267
30.1269
423
470
551
916
281
28.6958
581
821
485
1192
261
32.9625
485
703
443
682
255
28.6377
1253
583
503
1074
261
34.8788
663
808
473
578
259
25.7926
712
1040
533
482
279
28.4341
1491
727
583
402
263
32.2413
775
743
515
1587
265
35.9013
1177
722
515
1226
265
38.9736
881
727
477
1134
281
35.1833
788
647
492
1903
277
35.9608
723
684
439
404
259
27.0016
767
601
521
1365
263
33.3452
501
775
551
724
273
30.2169
731
675
469
614
267
30.5564
789
704
525
1361
271
37.4902
727
754
505
905
283
30.3639
813
703
457
1147
253
34.3193
801
699
457
1022
251
33.5024
673
757
493
502
265
29.2837
777
771
481
951
257
33.3035
643
695
463
1043
255
33.0126
767
883
539
420
259
31.8401
1269
751
499
904
263
34.1071
757
799
541
454
273
31.7989
521
702
479
1056
287
31.5992
959
649
469
750
261
30.805
1042
769
525
1194
285
38.925
635
713
353
1802
263
32.1064
609
739
489
1024
297
33.2844
471
699
551
478
275
25.0208
882
777
501
470
261
31.3014
441
671
473
1864
273
32.7015
1016
455
493
651
259
29.449
811
727
487
638
257
32.0739
980
453
471
1955
269
37.872
1133
825
495
556
261
34.6323
477
753
509
1031
261
29.6885
622
827
499
990
261
34.135
917
737
501
710
259
33.7568
1211
725
485
418
259
29.1122
851
653
505
1463
255
35.7107
877
641
507
430
253
25.3917
963
735
547
882
271
33.2465
970
593
469
1489
269
37.2254
681
663
457
1062
259
30.4326
704
989
475
1668
267
41.0667
451
761
467
538
257
27.9192
1257
727
481
847
261
35.5934
902
785
485
920
263
34.8553
759
727
545
680
257
31.1058
712
437
509
637
263
25.7043
702
845
559
420
261
29.8809
1593
761
483
454
255
32.8144
637
707
465
874
265
30.8857
1067
573
477
1215
277
32.5276
954
775
479
624
293
28.9981
405
943
525
980
259
30.5267
513
901
455
816
261
28.6143
529
757
467
400
267
24.6432
604
615
517
822
271
30.3493
1536
747
467
506
263
36.5808
1306
699
453
1076
267
32.0242
638
761
521
1042
263
35.9901
529
748
531
636
265
27.7603
705
739
515
1409
273
33.3838
666
641
491
1067
289
30.1681
1183
687
549
436
267
25.7525
1353
680
525
752
273
31.5427
501
781
483
628
277
31.1967
1033
731
471
896
259
37.5761
951
791
559
328
271
32.5687
815
615
471
1624
275
34.7611
673
699
496
1261
263
31.691
818
764
517
710
273
28.7097
824
501
483
802
265
26.8194
1116
735
483
1432
269
34.1727
629
673
469
1199
265
30.6999
627
779
477
1544
261
32.599
1040
719
477
936
267
33.9449
709
677
473
1638
275
35.4585
843
687
457
2114
255
38.4806
1021
595
511
612
259
29.1529
1164
783
511
1484
277
37.4586
625
721
467
2037
261
35.8961
1263
785
457
1087
271
35.6627
723
795
572
1062
259
35.2942
