325
463
684
495
276
9.4563
333
231
623
471
587
7.84268
353
233
634
433
440
8.66563
393
229
448
525
304
7.55355
395
219
436
537
356
7.55374
353
235
630
439
272
6.93857
405
227
664
471
278
7.7451
335
235
402
410
477
6.86211
345
223
422
415
418
7.24252
365
213
708
465
346
8.5037
363
221
403
429
272
6.80544
375
249
707
581
334
7.78805
337
221
644
417
374
7.07117
511
243
386
391
284
7.02549
537
253
856
694
398
9.46883
411
263
794
597
280
8.36557
323
235
787
453
374
7.60932
377
221
824
521
386
9.00231
331
225
717
525
394
7.63277
355
229
600
435
360
6.85182
323
205
444
401
376
6.84334
365
237
673
437
356
6.94691
369
205
452
431
339
6.24264
369
207
448
543
372
7.25453
343
239
450
499
462
7.81253
327
225
733
616
386
8.25227
411
237
470
629
350
8.16928
361
221
420
489
400
7.75369
349
213
582
419
348
7.17111
501
215
572
597
342
9.5144
473
225
612
413
332
8.86332
349
237
404
525
414
6.66348
391
221
397
483
400
7.20559
345
219
700
403
284
6.58271
347
233
456
439
400
7.3334
359
231
556
565
648
9.36412
381
239
558
503
392
6.6826
353
203
620
407
388
7.70062
345
225
381
410
342
6.36446
357
237
410
409
276
7.26797
351
253
653
569
348
7.92286
317
213
650
651
368
8.66131
357
233
446
619
497
8.50223
321
219
722
437
386
8.10965
381
203
622
501
374
8.08912
321
219
428
587
400
6.78752
335
205
796
589
386
8.59319
305
215
640
535
338
7.80714
423
217
420
685
416
7.91762
493
229
782
401
428
9.39342
461
231
628
419
276
6.88898
373
211
492
399
304
7.06793
415
235
459
534
264
7.46983
447
213
714
415
368
8.42194
351
215
608
393
310
7.39643
619
207
420
557
314
8.4277
547
237
805
419
439
8.68076
529
231
828
415
282
8.64992
323
229
446
441
484
6.74969
321
249
466
711
608
8.59388
375
233
623
579
364
8.52788
351
227
930
629
472
9.41907
423
227
402
397
411
6.78363
313
221
452
715
878
9.68685
395
227
725
421
288
8.1059
361
221
850
557
394
8.68637
343
233
734
399
328
6.34724
307
219
409
455
276
6.36019
371
223
1024
701
304
8.94085
321
203
422
581
453
5.88971
323
599
542
407
270
8.95477
439
201
390
421
370
6.95701
533
219
634
559
370
9.37684
347
227
425
414
472
7.55495
461
247
412
581
366
7.94821
383
937
748
498
266
10.9144
321
211
500
587
400
7.31972
387
219
702
605
312
8.0599
495
203
762
431
360
9.39491
371
211
418
567
418
7.60179
355
223
600
547
304
7.36925
509
219
627
547
284
8.84401
349
211
610
429
334
6.85795
421
225
495
421
482
8.36977
367
245
446
629
380
7.18373
319
225
648
407
306
7.62648
473
217
458
579
304
7.03257
325
203
428
529
380
7.92531
367
223
709
407
284
7.41485
341
241
591
397
426
7.93409
329
207
402
379
380
6.90082
401
241
512
435
338
6.92469
325
207
584
413
328
7.22816
315
223
598
709
374
8.57952
333
217
564
507
360
7.77387
375
213
404
409
408
7.86651
595
227
418
462
286
7.64557
325
245
490
409
716
8.84298
317
221
767
567
406
8.54538
309
241
810
441
469
8.44052
