309
205
376
417
418
14.1261
347
233
450
633
372
15.4615
319
273
668
433
270
15.5469
329
245
464
413
372
14.8564
557
755
677
403
301
20.9431
363
255
636
532
360
15.9013
433
241
576
427
420
17.0939
387
249
420
443
404
13.3281
325
229
709
501
342
17.0309
421
229
712
437
392
17.0283
461
339
748
427
284
17.5234
463
209
392
440
430
16.124
341
217
883
649
424
20.2456
315
235
430
389
292
11.222
389
209
698
407
459
15.4447
347
479
414
401
524
18.847
383
217
464
433
376
15.1958
389
259
744
499
438
17.6702
389
225
558
609
390
16.1319
389
209
596
383
358
13.5495
355
207
696
431
354
15.6988
437
209
422
437
380
16.691
447
275
870
685
300
18.4798
481
207
378
421
354
15.895
293
239
414
473
378
15.7114
377
215
759
555
384
18.9798
325
211
434
527
370
15.5905
329
219
630
467
351
14.7286
325
243
500
541
402
15.1806
375
213
432
477
255
14.6643
329
227
480
589
398
15.4334
373
209
582
455
436
16.2971
359
205
412
603
360
15.3586
519
227
687
441
346
17.2067
325
245
492
780
430
18.2701
339
221
648
395
368
14.1468
377
217
634
397
348
15.2949
619
241
484
433
404
18.5907
319
215
599
499
424
16.704
321
233
438
577
368
15.8813
419
201
402
399
404
16.1752
371
229
738
509
386
18.3934
365
259
670
409
378
16.2373
407
229
436
393
354
14.545
347
213
688
473
414
16.7759
395
223
684
577
394
18.8293
345
221
519
415
322
13.2875
353
211
632
521
312
15.8222
337
209
700
493
460
17.5954
373
243
647
611
404
15.7324
389
255
714
395
444
17.0574
385
219
515
535
270
16.0512
317
213
440
704
292
16.0798
453
243
766
413
266
17.194
413
215
434
468
310
16.4886
327
227
430
483
254
13.8764
329
237
692
519
360
16.1084
461
239
406
473
428
16.8272
387
243
707
515
418
16.9058
327
221
750
533
434
17.7603
403
225
620
595
286
16.3258
309
241
758
601
388
18.4228
381
219
518
455
416
16.3804
329
215
540
483
454
16.3362
305
195
618
443
444
16.7901
441
231
614
531
360
16.9673
413
211
496
539
420
16.6836
361
221
476
677
440
17.5407
terminate called after throwing an instance of 'std::out_of_range'
  what():  vector::_M_range_check: __n (which is 3) >= this->size() (which is 3)
307
235
586
682
280
16.8566
485
211
657
403
310
15.5216
307
223
732
519
432
16.7876
359
219
464
437
374
13.6724
391
209
428
405
364
14.4218
359
207
583
431
420
15.3736
297
227
648
473
364
15.3206
323
225
738
447
470
17.9552
301
231
664
433
412
15.5109
393
229
746
415
270
15.6112
453
257
605
621
272
17.69
351
227
410
483
392
14.458
507
207
452
443
350
14.5952
401
207
402
535
390
14.8033
377
241
454
619
278
15.0103
375
209
546
517
370
15.1386
499
207
428
427
374
15.1173
395
221
396
595
290
14.8972
421
665
410
583
266
18.7605
345
221
628
419
366
15.7684
382
253
696
495
354
16.0198
523
221
418
403
577
17.9435
347
233
444
527
296
16.7981
371
203
418
393
260
13.0339
359
235
742
611
304
15.9755
391
213
550
415
370
16.3677
343
211
618
467
280
15.1211
441
229
518
723
306
16.9191
345
235
650
417
292
15.2265
409
223
688
750
318
18.625
381
225
404
412
421
15.342
