2993
320
1337
1018
570
40.725
2918
314
1055
781
523
37.1362
1079
310
882
781
539
27.4559
713
338
693
958
425
26.0774
terminate called after throwing an instance of 'std::out_of_range'
  what():  vector::_M_range_check: __n (which is 1) >= this->size() (which is 1)
677
326
461
931
511
23.0989
3910
328
453
1009
567
42.1326
1913
338
778
1113
545
32.5788
1085
312
1201
453
612
26.9507
943
308
633
367
555
23.7025
743
326
1096
383
587
27.7735
1619
328
1891
339
559
34.2784
1710
338
1487
389
577
33.22
591
300
649
950
541
26.2851
3793
328
1026
873
371
39.1184
1588
316
1059
447
545
30.3144
1172
318
301
677
509
22.5013
1817
320
573
339
565
26.5297
1176
318
526
433
537
22.3987
1844
350
1007
769
553
34.6112
2188
326
547
471
757
27.9459
1917
316
729
533
749
29.1474
1355
332
579
671
531
27.8204
1063
324
653
1237
433
29.188
1558
316
488
833
501
28.8129
1129
330
563
367
539
24
1644
328
1764
823
542
40.1419
3254
326
887
445
505
35.882
2663
312
485
945
567
33.1787
3465
322
811
960
589
39.235
4686
332
892
840
493
45.5555
1411
332
1143
969
587
33.0209
1777
324
964
381
613
28.851
1587
320
517
841
503
28.1174
1822
310
947
718
515
27.3673
4115
308
719
671
505
38.7975
595
322
513
980
477
24.272
819
330
1123
409
573
27.1111
1502
296
1269
391
521
29.4497
2162
328
411
955
599
29.6824
535
306
529
843
491
23.2787
1197
360
719
929
541
28.4954
915
314
445
1166
481
27.1811
2501
334
625
373
589
33.2827
1476
302
557
1047
559
24.9364
1571
318
471
825
547
28.7514
1025
308
1021
613
445
32.1156
3913
308
593
967
513
40.0528
1143
316
731
453
561
25.9848
2041
288
991
741
559
34.5364
619
318
847
359
547
22.5651
1193
308
571
527
821
26.8701
827
306
765
755
562
26.6845
1070
322
499
871
457
24.277
3879
302
751
1015
505
41.5131
6385
330
261
425
635
43.7735
2985
324
535
1059
757
37.4905
5477
316
1171
910
513
47.486
3515
330
963
497
481
38.4962
2382
308
655
913
477
32.3432
3155
320
861
729
457
35.7585
1811
318
1055
907
529
36.4194
999
314
511
1059
493
24.8885
1529
312
761
1003
495
31.9447
1874
320
511
735
530
28.5886
2550
316
1123
1006
467
39.7507
1431
314
679
455
585
28.0462
2207
310
593
413
611
28.053
1121
340
659
1323
545
29.6875
1277
308
617
862
565
26.9519
1509
310
511
724
487
26.4482
1055
334
433
879
633
26.4585
1447
312
885
765
505
31.7166
1554
324
293
463
513
21.3133
1015
322
637
823
527
28.5906
2251
314
555
341
549
29.5511
1444
318
523
833
863
27.7679
758
370
501
487
1073
24.7622
1980
318
577
916
523
31.1041
2622
304
691
681
447
33.4405
2225
328
1443
513
571
36.9644
5165
318
831
680
563
47.2203
2951
318
485
727
557
34.6793
1369
310
519
889
455
28.5611
1577
308
664
463
515
27.2456
1732
326
957
817
496
33.0745
895
350
1085
1294
509
27.7321
2771
328
713
1025
571
34.5824
2532
320
798
936
507
33.58
709
314
617
349
591
21.7038
968
304
557
583
499
24.4622
1505
328
1295
835
431
30.7596
959
312
1420
703
509
29.0983
2588
312
561
789
507
32.2484
2262
332
263
801
517
30.4178
915
330
1564
801
555
29.4367
2458
310
685
347
824
29.6776
3524
320
894
646
505
33.0798
1179
372
1004
345
565
26.4228
864
326
478
883
477
22.3063
