501
730
465
928
273
44.9241
509
727
485
998
287
52.6842
768
741
581
414
283
53.5004
663
817
483
818
285
51.2884
605
565
713
414
275
42.5137
525
791
535
310
281
40.4269
543
730
485
1091
275
47.7345
459
711
541
902
267
48.8993
431
902
593
604
263
45.2463
467
711
477
1024
271
46.7361
683
803
359
546
271
45.6482
483
441
555
399
315
36.9413
745
405
563
894
273
41.7503
445
745
547
750
267
44.4642
631
799
519
944
281
51.6467
467
738
522
894
279
46.7949
567
781
505
842
273
47.5917
467
553
498
751
255
42.4556
409
490
669
430
255
39.1426
481
795
557
250
273
39.8295
479
777
527
704
281
40.2207
461
726
515
827
281
43.045
731
591
567
418
281
38.4586
693
431
587
816
279
48.5988
545
679
707
368
293
42.9758
485
433
469
268
289
34.9048
461
864
597
648
279
47.9352
667
715
463
970
251
53.0528
719
709
525
450
267
42.9362
465
702
483
384
287
40.692
473
779
541
1016
259
49.9155
459
663
577
234
285
35.9417
439
769
561
492
277
42.848
459
928
501
678
287
44.8889
693
763
535
462
269
40.3441
655
701
467
982
267
49.7166
473
769
503
926
265
48.791
475
733
525
596
299
42.9423
409
627
773
538
287
42.89
581
883
595
364
291
43.3927
649
724
471
944
269
49.5457
501
877
543
604
281
46.9491
747
802
501
1014
287
52.6138
461
721
529
924
267
43.7942
561
683
729
484
279
40.4918
701
727
523
596
277
47.6773
513
511
481
744
269
38.6905
557
743
517
1036
271
50.4303
731
717
497
378
291
40.4276
437
426
547
736
275
39.8882
533
733
541
656
277
47.0032
627
743
479
256
281
37.2542
491
816
473
907
261
46.9583
481
782
507
934
271
46.1402
643
732
487
622
273
43.9673
537
604
487
870
271
47.224
591
725
347
630
263
41.9684
717
699
503
834
309
48.154
635
710
429
624
265
43.4742
567
511
665
460
283
40.4654
499
723
493
650
273
44.1111
487
737
465
674
267
40.173
449
761
475
1132
267
46.1508
655
512
553
856
283
45.6938
539
801
375
856
265
45.3606
397
692
569
886
259
43.1755
653
757
507
286
257
34.305
761
683
465
1068
269
53.2434
517
668
409
464
263
38.0927
573
826
495
342
297
43.8002
453
796
536
408
281
39.3861
517
763
481
868
271
49.4494
439
935
625
524
279
41.9904
653
619
355
532
277
41.4887
677
748
523
494
279
42.7055
473
802
560
420
265
41.5336
485
1006
665
671
269
50.3732
425
684
525
960
279
44.5401
555
796
551
262
285
39.7218
609
458
619
830
309
47.366
789
731
513
398
269
39.2594
431
792
528
389
265
41.0317
605
683
383
526
275
43.4267
619
768
487
878
279
50.1656
513
781
541
330
275
42.32
435
669
495
448
255
40.7825
615
627
363
738
289
42.9444
491
732
547
332
279
40.1187
453
701
327
992
719
47.8689
647
781
499
906
269
51.479
525
732
547
732
261
45.4992
463
494
551
574
275
37.2121
423
904
595
584
285
50.0714
461
483
462
482
269
36.4092
481
811
563
484
279
43.8637
475
823
555
704
275
48.4791
517
806
545
386
267
42.69
445
755
469
582
265
39.2076
571
437
637
946
275
48.6559
521
701
373
734
281
43.3384
