755
300
491
709
913
42.79
841
338
263
595
535
34.8107
919
320
527
543
493
36.2321
1023
320
345
503
523
35.9338
1095
336
612
341
387
34.4457
1054
324
803
337
567
40.166
879
358
281
497
603
36.6468
1005
320
543
767
483
44.3069
960
320
239
373
599
34.7005
1015
314
571
377
584
39.4447
633
324
273
361
1035
35.1972
643
330
876
613
403
40.1061
699
324
265
367
583
31.1363
962
1294
697
341
617
54.535
601
340
859
547
583
45.1968
717
356
966
623
491
43.9096
1069
418
227
801
573
41.356
529
324
247
703
563
35.5459
910
334
721
379
625
35.7302
895
332
283
485
538
35.2388
591
330
585
497
529
37.7765
493
316
824
667
485
38.2733
663
384
557
773
411
39.6852
801
308
241
435
607
34.0342
1007
326
675
591
417
41.6462
611
332
607
487
611
35.1465
1121
334
639
823
437
46.1137
719
296
277
771
395
34.7804
1107
338
550
527
514
40.866
986
348
591
543
547
41.769
907
326
645
489
448
39.8903
777
404
733
327
621
42.9312
797
322
577
803
529
40.2682
992
338
409
347
589
33.9739
935
306
1050
493
517
46.8399
721
454
243
457
413
30.327
907
310
684
543
400
39.9911
685
320
659
681
455
40.1688
779
312
678
377
531
34.9977
989
404
656
353
411
40.2861
terminate called after throwing an instance of 'std::out_of_range'
  what():  vector::_M_range_check: __n (which is 2) >= this->size() (which is 2)
849
338
447
591
663
42.4111
559
316
449
526
609
36.6431
961
340
611
375
563
39.5193
675
354
285
581
387
32.6917
609
324
509
483
468
34.8296
613
362
317
551
586
37.3977
1235
340
313
381
583
34.5567
617
320
417
677
610
39.9629
611
322
501
795
561
40.291
779
326
1141
905
491
54.1932
685
298
573
411
729
37.4515
541
921
241
549
432
37.9406
547
320
531
509
489
34.7166
771
330
859
695
503
43.3862
837
340
299
329
654
33.0426
955
326
512
678
481
41.1737
649
324
664
325
554
39.1637
689
330
611
349
569
35.7151
537
318
453
467
497
34.5031
1015
328
1105
597
453
47.1006
691
400
261
907
585
39.3891
531
324
855
802
603
43.7802
1043
320
287
563
545
37.299
769
326
285
879
538
42.7237
1090
332
723
573
451
42.054
723
310
949
701
477
42.9773
986
310
257
529
527
31.5604
813
310
301
499
1001
42.2457
615
326
703
893
522
44.5786
909
322
623
385
591
36.9742
615
334
231
913
377
33.5483
573
344
968
824
543
46.6255
563
332
557
793
488
40.6414
1078
368
607
803
399
42.8251
1033
340
663
349
569
39.7037
609
336
533
551
507
38.3886
993
322
635
373
371
34.8918
571
342
819
735
491
43.9017
763
320
870
425
595
40.2103
943
318
522
401
609
36.5672
1117
334
475
619
755
42.5438
883
334
1146
423
389
43.1688
1037
362
759
575
469
40.2495
861
322
533
497
515
36.6437
429
324
790
562
648
37.3818
597
332
622
841
404
38.7035
831
308
551
808
490
42.5491
449
328
309
583
673
33.346
807
310
663
391
455
36.6814
541
338
875
515
525
39.3858
611
1516
269
690
451
45.4377
1193
332
263
735
485
41.1311
879
332
1073
679
467
46.0063
721
332
682
912
518
46.631
659
360
685
427
389
35.9975
999
330
666
357
547
37.6515
903
320
475
661
493
40.2291
645
322
629
351
533
35.5191
869
348
677
357
521
37.9747
