16448
330
5529
1327
515
41.3593
23744
310
3232
1228
513
50.178
20521
314
1742
9920
583
53.3786
73110
330
5920
2579
765
138.472
33996
308
541
11910
696
71.2171
769
312
2109
7678
523
20.4309
82562
346
1106
3168
923
141.463
46969
326
1133
29314
527
107.05
62218
330
1379
4422
761
112.025
2904
306
1252
5053
549
18.0156
24595
334
1473
4408
519
51.1519
6898
310
919
22253
704
52.2302
12079
298
1351
4205
483
31.9026
4808
300
6534
12295
507
39.703
28736
302
899
6403
715
61.2643
15702
308
1036
7467
517
39.7278
1272
324
480
4408
535
14.2232
15280
318
1731
14871
573
57.1658
13277
330
1769
14408
551
47.6511
4179
346
10085
5394
557
36.5051
24096
330
1663
11087
617
61.2614
3488
346
1228
2860
517
14.7388
5265
310
2374
417
583
16.3479
11305
312
9201
13555
543
64.1544
16439
306
1319
3869
507
41.0554
29827
322
6241
23143
557
84.7398
884
310
609
439
559
6.25087
66563
320
663
14705
549
128.938
19777
304
3699
21308
745
76.7128
4299
318
902
9083
547
24.5755
83460
306
1842
16982
503
162.625
3915
334
3400
6133
695
23.7177
27566
336
567
8015
689
59.7463
38936
306
1188
9732
503
82.9495
92429
318
4900
14022
563
177.366
12429
310
527
15975
593
48.7313
16097
306
5775
443
881
38.2452
12050
296
1444
1401
637
28.2607
715
312
1778
8326
523
22.8504
5294
344
515
16101
725
42.0873
16365
332
2363
4518
585
39.1275
26366
338
583
6737
445
54.5969
21976
298
506
397
543
40.6056
5602
308
1023
9174
833
29.2335
15679
330
1027
477
619
30.9335
31514
328
2654
2488
725
63.2925
50141
352
1945
4129
573
93.9832
75268
314
1922
4655
565
138.1
13738
324
4054
6575
539
40.3802
16429
312
1325
1137
549
35.8274
15641
304
483
9927
531
46.6969
70166
338
5093
24102
551
165.449
3902
308
2136
2315
505
15.7908
22957
322
1156
23523
537
74.8866
26252
320
3319
24025
577
84.1588
22587
320
651
8507
543
49.274
15221
314
2008
1479
751
33.5132
17892
324
2520
535
1050
40.1227
8200
312
833
4843
643
26.4486
38809
318
1725
15951
723
92.1158
59383
312
583
4905
495
108.445
27823
296
4128
19903
525
82.5842
15992
324
750
908
553
30.7792
15332
306
741
1653
535
30.7846
65191
300
6722
18563
641
140.06
29856
330
1227
752
567
55.8983
52790
324
10240
18210
763
136.398
47981
366
1047
1986
901
83.5249
29338
328
1698
13066
603
71.4744
32580
330
748
2254
545
58.2596
21633
300
563
7655
481
45.0345
29394
332
1049
21860
555
72.256
98403
312
1365
4920
539
170.381
13535
318
9124
15166
1191
61.6385
34516
312
2243
6928
547
75.3905
9495
314
985
28779
883
60.9145
35019
344
850
3702
545
65.7819
1688
304
493
4776
553
16.0772
3358
328
1066
10986
547
26.5814
71581
318
683
11866
511
140.31
7860
300
4330
7658
491
35.6191
26487
316
891
19402
561
74.9733
13399
308
1237
6571
477
42.9814
6854
318
645
8782
822
33.8211
16590
340
5355
12666
533
56.1497
8216
316
477
26922
509
59.6428
2045
324
1408
4013
511
17.6691
14381
332
1546
16926
527
53.8513
34457
312
2545
19449
621
95.5005
48539
324
3046
25307
503
124.101
5322
316
807
8502
499
27.6246
93068
302
4913
4115
523
166.406
6824
324
1494
7905
549
27.4195
1763
302
3286
1963
503
15.3489
35420
326
1496
345
555
63.7089
5750
330
6476
4425
593
26.3249
51722
314
1486
697
521
91.6357
16598
308
991
2153
499
34.1335
105563
322
565
569
785
190.055
