715
439
527
342
299
31.5864
561
761
521
282
277
32.7345
635
708
473
970
297
38.7394
599
742
541
238
277
28.4357
661
642
494
473
261
35.8258
697
754
507
521
279
35.2284
543
710
573
362
291
34.2141
459
682
505
542
273
33.4027
657
842
595
370
293
37.0929
515
593
442
490
303
33.9403
609
796
525
302
289
36.8851
803
654
647
426
299
36.8154
475
451
656
712
269
33.7974
635
949
361
546
319
34.3611
467
595
659
293
307
32.201
597
701
375
306
281
31.4947
573
780
533
266
299
33.5389
735
1018
599
404
313
39.022
421
824
584
262
289
30.8065
661
702
510
279
307
34.2923
575
745
495
244
261
30.3591
473
835
551
1042
283
42.4882
405
779
572
586
293
37.1357
537
798
565
368
279
34.1827
469
607
521
558
287
35.92
575
787
491
224
287
31.4013
427
527
498
432
279
31.5225
453
812
527
464
295
35.3989
493
757
503
280
273
30.4504
543
736
629
368
301
34.73
477
689
511
694
289
34.9804
555
728
367
530
281
33.2097
667
527
649
406
325
35.5889
647
590
533
821
257
34.8395
461
484
445
446
263
26.1436
377
727
591
335
321
31.6175
527
686
365
345
289
28.0845
559
778
567
262
301
33.4682
447
690
501
450
287
28.9191
525
731
501
278
277
29.621
525
789
581
378
301
35.9118
485
795
539
1030
271
42.2601
563
896
365
558
287
36.157
429
556
539
234
273
27.9676
507
794
485
530
303
33.8643
463
735
591
265
281
32.3242
537
785
523
608
279
36.7782
577
892
707
382
271
36.3821
513
670
489
569
305
26.8705
507
698
359
572
285
36.2945
481
654
359
274
269
27.7573
477
454
645
256
311
27.0296
537
736
523
866
283
38.5097
479
755
533
278
297
31.8949
601
807
567
364
287
35.3371
463
701
453
238
261
26.2293
561
769
485
316
279
30.6027
743
733
557
354
295
33.5623
527
505
441
588
281
31.0151
537
765
507
254
289
30.6931
571
515
526
322
289
28.8993
475
818
549
498
285
36.4534
469
509
551
474
285
27.9099
579
846
521
358
273
34.6772
449
800
527
776
289
38.2581
545
774
565
330
279
31.2684
497
561
515
528
287
29.6417
525
771
499
254
265
30.7863
701
797
537
320
279
35.9219
545
868
613
558
307
41.6145
609
880
361
546
277
37.3799
639
724
503
430
263
34.3254
611
419
391
730
299
32.2883
725
693
521
284
281
34.1153
479
771
554
246
295
32.3642
507
753
539
704
303
36.5356
455
629
626
262
277
30.1397
485
729
475
286
279
30.8746
489
818
419
546
301
33.2148
487
728
497
259
299
30.3552
555
794
575
270
315
34.3455
497
821
575
324
287
29.2221
547
671
507
294
337
32.3605
495
761
529
238
299
27.4419
443
849
605
248
291
31.9855
525
445
695
490
285
30.1475
503
757
509
226
269
30.7441
479
655
483
486
289
33.5366
569
768
543
449
277
32.4325
551
824
616
330
287
35.3541
555
773
513
732
279
38.7196
521
800
593
780
301
40.7639
585
767
543
269
295
32.7976
603
814
395
244
297
30.5251
485
863
681
452
279
36.985
689
630
509
312
275
33.382
773
822
615
324
293
39.6031
539
767
535
320
295
33.4836
529
745
473
260
281
32.7229
487
841
593
462
271
37.2198
