779
727
529
436
261
14.8525
449
738
577
478
283
12.6797
559
839
575
440
277
12.4969
417
784
567
1028
285
15.2206
409
564
683
504
283
10.5523
471
863
471
528
271
11.1003
431
753
553
722
263
12.6137
671
755
547
982
271
12.9929
499
753
497
514
279
12.253
801
849
497
636
271
12.5052
437
923
615
1194
305
13.1367
493
832
547
1090
295
14.03
451
813
483
590
287
11.1288
445
788
572
929
279
10.9448
812
441
561
966
305
10.4586
685
785
529
1563
277
13.5494
701
907
485
506
267
11.6414
465
730
498
492
283
9.58067
457
781
457
452
261
10.6008
577
902
475
566
279
10.4212
1065
759
539
536
281
11.5918
681
857
501
488
271
11.0654
571
783
591
496
279
10.9102
1005
725
521
848
291
13.0974
727
425
567
540
289
9.82289
495
740
459
1265
277
11.5183
511
486
527
572
285
9.91137
707
841
617
470
297
10.1125
497
709
467
490
275
10.0117
511
752
529
677
287
10.9106
627
741
447
1089
263
13.0459
441
737
575
830
277
12.7043
733
777
525
930
273
13.3633
705
759
551
424
267
10.6516
619
472
911
482
313
12.1832
1033
727
509
494
263
11.0011
473
773
559
494
283
10.6891
505
783
509
920
277
11.8189
701
777
506
506
287
11.5866
811
615
481
1155
269
11.9649
693
705
497
894
269
10.8742
593
682
515
515
267
10.434
451
751
613
1019
283
10.706
916
763
527
1260
267
13.0204
705
787
537
1160
267
12.1328
725
721
457
1106
275
11.3451
692
769
513
466
277
10.4714
487
969
715
630
303
11.7463
441
815
581
442
269
8.70228
495
540
581
502
277
9.92619
771
760
569
949
259
13.3361
467
535
481
676
269
9.56946
973
864
475
719
309
13.2806
649
771
503
480
269
10.8934
925
715
523
940
261
13.1525
677
504
505
484
277
9.03419
513
789
491
396
305
10.4948
439
819
573
968
279
12.3568
467
981
529
510
261
9.39606
473
883
591
434
273
9.9589
507
775
511
890
265
11.478
461
703
483
716
277
9.58489
783
623
507
1049
291
10.3902
669
937
487
292
301
10.3469
711
547
495
758
277
10.832
497
767
505
518
277
10.3798
749
771
499
434
265
8.8767
557
473
517
488
287
9.18619
465
775
587
430
263
10.0751
565
675
593
280
287
9.87602
593
464
459
816
291
10.3227
711
457
595
914
279
9.98416
953
449
663
562
271
11.5863
513
817
489
464
293
9.38662
825
783
529
492
265
10.3912
717
750
491
480
285
9.06463
713
981
463
529
287
9.89509
435
474
539
1105
279
9.83688
477
457
453
462
263
8.35589
607
445
469
860
273
9.7175
527
587
529
478
311
9.70054
407
473
509
1084
287
9.1436
1242
489
463
512
293
9.0383
889
740
511
1017
287
13.0221
705
775
517
704
273
11.2287
491
739
503
699
253
9.50001
447
795
517
637
281
10.3215
571
851
541
1213
287
12.353
743
441
587
550
271
10.0061
451
755
498
448
257
9.18561
541
889
519
436
277
9.64966
573
747
569
516
293
10.9921
783
461
517
942
299
10.8984
968
769
527
1290
305
13.7884
817
449
553
512
285
9.04049
677
753
479
536
277
10.3086
908
727
511
553
271
11.4024
519
435
635
970
261
10.8289
687
503
497
1002
269
10.8634
960
529
493
486
277
10.2847
